InceptionTime
epoch     train_loss  valid_loss  mae       _rmse     time    
0         0.002981    0.001209    0.034717  0.034766  00:11                                                     
1         0.000196    0.000035    0.004808  0.005936  00:10                                                     
2         0.000128    0.000046    0.006603  0.006790  00:10                                                     
3         0.000119    0.000002    0.000989  0.001275  00:12                                                     
4         0.000055    0.000010    0.002865  0.003174  00:10                                                     
5         0.000050    0.000001    0.000873  0.001160  00:11                                                     
6         0.000059    0.000029    0.005172  0.005394  00:10                                                     
7         0.000051    0.000008    0.002614  0.002839  00:10                                                     
8         0.000045    0.000002    0.001383  0.001563  00:11                                                     
9         0.000030    0.000008    0.002530  0.002750  00:11                                                      
10        0.000048    0.000014    0.003690  0.003738  00:10                                                      
11        0.000039    0.000001    0.000792  0.000906  00:10                                                      
12        0.000039    0.000002    0.001207  0.001435  00:12                                                      
13        0.000026    0.000002    0.001447  0.001552  00:10                                                      
14        0.000021    0.000004    0.001789  0.001904  00:10                                                      
15        0.000020    0.000001    0.001081  0.001172  00:10                                                      
16        0.000019    0.000001    0.000858  0.000937  00:10                                                      
17        0.000019    0.000002    0.001165  0.001259  00:10                                                      
18        0.000013    0.000001    0.000861  0.000932  00:10                                                      
19        0.000015    0.000006    0.002306  0.002369  00:10                                                      
1376
Training time (in seconds):  222.07629323005676                                                   
Test time (in seconds):  0.8818278312683105
Result:       InceptionTime
                   
BIAS      -0.000298
MSE        0.000003
RMSE       0.001750
MAE        0.001273
MAPE       5.434680
