LSTM
epoch     train_loss  valid_loss  mae       _rmse     time
0         0.185593    0.207962    0.455935  0.456029  00:03
1         0.181184    0.203761    0.451304  0.451399  00:03
2         0.175122    0.195023    0.441517  0.441614  00:03
3         0.163077    0.182358    0.426933  0.427034  00:03
4         0.149679    0.168125    0.409926  0.410031  00:03
5         0.137638    0.154742    0.393264  0.393373  00:03
6         0.126853    0.142799    0.377774  0.377887  00:03
7         0.116207    0.132359    0.363694  0.363812  00:03
8         0.107869    0.123410    0.351176  0.351297  00:03
9         0.100075    0.115881    0.340287  0.340413  00:03
10        0.095046    0.109673    0.331039  0.331169  00:03
11        0.089755    0.104664    0.323385  0.323518  00:03
12        0.085932    0.100729    0.317244  0.317379  00:03
13        0.083558    0.097743    0.312501  0.312638  00:03
14        0.081245    0.095577    0.309016  0.309155  00:03
15        0.079463    0.094105    0.306625  0.306765  00:03
16        0.078001    0.093199    0.305145  0.305285  00:03
17        0.078171    0.092728    0.304373  0.304513  00:03
18        0.078070    0.092553    0.304084  0.304225  00:03
19        0.078064    0.092528    0.304043  0.304184  00:03
1376
Training time (in seconds):  62.25022554397583
Test time (in seconds):  0.4186108112335205
Result:              LSTM

BIAS    -0.321923
MSE      0.103768
RMSE     0.322130
MAE      0.321923
MAPE  1795.238495
