OmniScaleCNN
epoch     train_loss  valid_loss  mae       _rmse     time
0         0.160677    0.171712    0.414049  0.414381  00:07
1         0.057615    0.054519    0.229092  0.233492  00:07
2         0.015659    0.015745    0.119141  0.125478  00:07
3         0.005680    0.006104    0.070848  0.078130  00:07
4         0.002840    0.003613    0.054867  0.060110  00:07
5         0.001887    0.002785    0.049346  0.052777  00:07
6         0.001195    0.001376    0.032748  0.037092  00:07
7         0.001018    0.000903    0.025901  0.030052  00:07
8         0.000914    0.000886    0.026514  0.029759  00:07
9         0.000674    0.000483    0.018512  0.021973  00:07
10        0.000664    0.000379    0.016426  0.019476  00:07
11        0.000683    0.000262    0.013711  0.016177  00:07
12        0.000642    0.000504    0.018869  0.022457  00:07
13        0.000538    0.000292    0.014611  0.017093  00:07
14        0.000581    0.000471    0.018684  0.021711  00:07
15        0.000598    0.000318    0.014957  0.017836  00:07
16        0.000569    0.000310    0.014923  0.017595  00:07
17        0.000492    0.000368    0.016335  0.019193  00:07
18        0.000528    0.000315    0.015025  0.017754  00:07
19        0.000558    0.000383    0.016718  0.019567  00:07
1376
Training time (in seconds):  150.00235438346863
Test time (in seconds):  0.7469985485076904
      OmniScaleCNN

BIAS     -0.001263
MSE       0.000094
RMSE      0.009685
MAE       0.006888
MAPE     26.872611
