ResCNN
epoch     train_loss  valid_loss  mae       _rmse     time
0         0.176206    0.179001    0.422956  0.423086  00:04
1         0.144218    0.132777    0.364181  0.364386  00:04
2         0.097867    0.087234    0.295197  0.295355  00:04
3         0.057027    0.053461    0.231051  0.231215  00:04
4         0.032695    0.031753    0.178064  0.178194  00:04
5         0.020931    0.022060    0.148454  0.148527  00:04
6         0.014891    0.016722    0.129207  0.129313  00:04
7         0.011154    0.012830    0.113137  0.113268  00:04
8         0.008743    0.010274    0.101305  0.101363  00:04
9         0.007418    0.009343    0.096539  0.096660  00:04
10        0.006251    0.008114    0.090049  0.090079  00:04
11        0.005582    0.007038    0.083780  0.083892  00:04
12        0.005050    0.006425    0.080098  0.080158  00:04
13        0.004637    0.005585    0.074631  0.074730  00:04
14        0.004384    0.005431    0.073573  0.073697  00:04
15        0.004209    0.004262    0.064616  0.065287  00:04
16        0.004071    0.004952    0.070256  0.070367  00:04
17        0.003925    0.004409    0.066132  0.066403  00:04
18        0.004008    0.004916    0.069794  0.070113  00:04
19        0.004067    0.004813    0.069142  0.069375  00:04
1376
Training time (in seconds):  85.12771391868591
Test time (in seconds):  0.4428520202636719
Result:           ResCNN

BIAS   -0.090848
MSE     0.008613
RMSE    0.092807
MAE     0.090848
MAPE  551.463127
