InceptionTime
epoch     train_loss  valid_loss  mae       _rmse     time    
0         0.000191    0.000019    0.003944  0.004337  00:10                                                                          
1         0.000118    0.000070    0.008254  0.008338  00:11                                                                          
2         0.000288    0.000066    0.008027  0.008105  00:11                                                                          
3         0.000247    0.000158    0.012027  0.012589  00:10                                                                          
4         0.000119    0.000040    0.006334  0.006359  00:10                                                                          
5         0.000095    0.000048    0.006447  0.006954  00:11                                                                          
6         0.000111    0.000009    0.002608  0.003048  00:11                                                                          
7         0.000105    0.000034    0.004107  0.005873  00:11                                                                          
8         0.000076    0.000003    0.001363  0.001739  00:11                                                                          
9         0.000047    0.000013    0.002431  0.003619  00:10                                                                           
10        0.000045    0.000006    0.002120  0.002526  00:10                                                                           
11        0.000051    0.000023    0.004706  0.004756  00:10                                                                           
12        0.000037    0.000004    0.001665  0.001954  00:11                                                                           
13        0.000053    0.000003    0.001620  0.001775  00:11                                                                           
14        0.000044    0.000009    0.002375  0.003059  00:10                                                                           
15        0.000030    0.000006    0.001519  0.002467  00:11                                                                           
16        0.000027    0.000007    0.002629  0.002735  00:10                                                                           
17        0.000019    0.000001    0.000799  0.001024  00:10                                                                           
18        0.000022    0.000001    0.000888  0.000975  00:10                                                                           
19        0.000018    0.000001    0.000766  0.000991  00:11                                                                           
1376
Training time (in seconds):  219.92098999023438                                                                        
Test time (in seconds):  0.8918173313140869
Result:       InceptionTime
                   
BIAS       0.004974
MSE        0.000042
RMSE       0.006483
MAE        0.005298
MAPE      33.968160

