LSTM
epoch     train_loss  valid_loss  mae       _rmse     time    
0         0.002200    0.000807    0.026851  0.028409  00:03                                                                          
1         0.001065    0.001142    0.032516  0.033791  00:03                                                                          
2         0.001162    0.000838    0.027540  0.028949  00:03                                                                          
3         0.000918    0.000792    0.026857  0.028144  00:03                                                                          
4         0.000607    0.000621    0.024047  0.024922  00:03                                                                          
5         0.000063    0.000013    0.003254  0.003537  00:03                                                                          
6         0.000019    0.000002    0.000985  0.001520  00:03                                                                          
7         0.000036    0.000026    0.004556  0.005146  00:03                                                                          
8         0.000014    0.000003    0.001376  0.001746  00:03                                                                          
9         0.000017    0.000002    0.001383  0.001472  00:03                                                                           
10        0.000022    0.000045    0.006692  0.006724  00:03                                                                           
11        0.000019    0.000002    0.001314  0.001429  00:03                                                                           
12        0.000013    0.000001    0.000884  0.000960  00:03                                                                           
13        0.000008    0.000001    0.000665  0.000923  00:03                                                                           
14        0.000009    0.000001    0.000692  0.000810  00:03                                                                           
15        0.000009    0.000000    0.000493  0.000649  00:03                                                                           
16        0.000006    0.000002    0.001367  0.001534  00:03                                                                           
17        0.000009    0.000004    0.001855  0.002041  00:03                                                                           
18        0.000008    0.000000    0.000535  0.000666  00:03                                                                           
19        0.000004    0.000000    0.000426  0.000670  00:03                                                                           
1376
Training time (in seconds):  69.70018982887268                                                                         
Test time (in seconds):  0.432462215423584
Result:            LSTM
               
BIAS  -0.003388
MSE    0.000023
RMSE   0.004801
MAE    0.003577
MAPE  30.306062
