iScaleCNN
epoch     train_loss  valid_loss  mae       _rmse     time    
0         0.008937    0.000294    0.017022  0.017148  00:06                                                                                             
1         0.000792    0.000008    0.002509  0.002842  00:06                                                                                             
2         0.000190    0.000016    0.003834  0.003961  00:06                                                                                             
3         0.000354    0.000006    0.001935  0.002370  00:06                                                                                             
4         0.000158    0.000033    0.005142  0.005714  00:06                                                                                             
5         0.000146    0.000010    0.002926  0.003145  00:06                                                                                             
6         0.000135    0.000004    0.001745  0.001892  00:06                                                                                             
7         0.000084    0.000002    0.001081  0.001266  00:06                                                                                             
8         0.000071    0.000001    0.000887  0.001100  00:06                                                                                             
9         0.000080    0.000038    0.005215  0.006176  00:06                                                                                              
10        0.000072    0.000005    0.002059  0.002164  00:06                                                                                              
11        0.000059    0.000004    0.001747  0.001969  00:06                                                                                              
12        0.000036    0.000005    0.002017  0.002284  00:06                                                                                              
13        0.000030    0.000001    0.000726  0.000869  00:06                                                                                              
14        0.000038    0.000004    0.001889  0.002045  00:06                                                                                              
15        0.000023    0.000001    0.000569  0.000745  00:06                                                                                              
16        0.000024    0.000001    0.000955  0.001118  00:06                                                                                              
17        0.000024    0.000001    0.000549  0.000744  00:06                                                                                              
18        0.000017    0.000001    0.000676  0.000838  00:06                                                                                              
19        0.000021    0.000001    0.000575  0.000748  00:06                                                                                              
1376
Training time (in seconds):  127.4317855834961                                                                                            
Test time (in seconds):  0.5286164283752441

UpX4@1b/
